14171097683685805364
6499467567510728026
15513602883528543797
15532846722687059653
1506513917692263314
14442911076466028620
826595726906660198
14361328079153327358
18415433201686601613
6705786585168064184
17098557586143912076
1924280664508147142
2767018868347681113
5064863745223310635
9570716342258898905
17053343897181897559
4305969402064598166
6922252437851268277
11988504410751379916
3991135506486200037
10953496662190157540
18420221301307202476
16132687558963356125
14196686687003418545
16323677247451463856
2698380497259585766
995917105665989750
1879437711257734266
15844112444315231042
15627093572595190350
11488285104743396706
7350184643420957897
17297081867143314814
6632723536070360131
11825121329274028617
7099844451356372392
3098770148346553784
867190732593267087
15076405541737082967
2992480810547133928
672637326753729222
16118392949740527903
12392805342711223837
12447815446118131124
8841877204500540129
12614236368229197996
3922265143991327667
6599743981124861257
2803879448083441215
1486894086129757048
1215066472110590043
2020029590102462409
4123542988603560871
2608401980069822225
2198688130873414900
8281232314069181786
17136663763896896220
3859462090577447680
4941567117631261794
8381006985714944177
1045796639371677146
16656277856682331784
10298091756055528249
18413299814427003071
11851134424659277055
7668065847807062670
3874035592908677161
12371472304388237476
8633498293470471825
10758079499602207927
6920782674471394374
9662597383591849590
14825112194949501479
9175217007064689637
3258789254075488501
12625587663246909530
10817123134922660800
17709658460147250948
18260391083645907030
3104018208468939391
3589606835486014789
12509502330623708567
6213811921715973130
15204550958032070032
17891623785859675725
6491128807010350402
14457771545918150396
5770066235553789742
16310395514588784149
13366838492124473319
14294511168078621500
11357868872927601229
7495465454132801792
1560550932710712267
15518770791722856986
4814042606689048213
13773610576791660675
9313660246095173172
17714769722259274621
5114702423115848569
14256693842294211117
6575469277595420355
15007758184032146159
4156829973381988575
10762041006784755560
17854200364712173926
6321771592871407306
14433147010983852078
12588678673043928506
14661441590441600530
9880985514104609444
15362845308370180288
6227859221164480039
2566027461081498102
2070749444694649077
15780089016255503369
1813308446213488515
339663467030523688
10247731497200986738
9336688200364681863
6373019600817222484
4940130759137033137
13087444484262701237
8599647131995308103
178124043220682457
1547378747972592608
6017554256920600683
17400922395082737299
2956009946659212579
9632795876372812784
14847359260041569455
5560591342561892818
2523556775289876427
5911760227812946885
1774566832883531096
916866612596383741
15686832769093438252
1588527930997886435
2433555867484456602
17948138650576847574
16472766980725535445
16207871139051675969
5777808384239839505
2576008134464109512
7619456041360888387
3319399672450970848
10359193141641109557
18332330093267519030
11187287824123079227
1145555416274013916
11721775757839018794
3691807668414778443
4183494510591507401
741167335687336372
4761352495623548585
9763447543566245912
4891903527065304913
10593804929571311005
17997871910422229278
6848708810461931159
1362305377170887276
7209431087885355247
13509280123276262284
14792894778226438658
4134802977439316451
1721002641449220426
13175596277682222989
5464374668381899176
9746017878002672231
15003639072586326960
18164073251055186289
7922684548795917790
8341352188596636554
1201788749452968975
8743961326044522996
4156620131720795756
1994898224052147548
8058359323211200602
4579075882722604622
12621591988384004431
18024539628909586439
4763932713237951715
11051992463341712259
10041723980763067699
11699147811373454480
6233285128844635499
7365211500054603498
3079136356642381592
3866508998926168486
7801219968716838883
9921185410572153371
13448516825299281039
17579791446152150623
10560992672090599926
6449630387846734035
16596785768192839083
2996254205974433454
17220656646703379907
10221449948930873531
7079726903993147549
2107310802973784346
7031763066991418605
2771561769800347965
1402743737777454465
1217819128892984486
5409084430632551404
17472010002760152224
2115724441188288731
1200552335365482156
1102410396729817626
13464114828202438868
5901135222893830349
7284959351590198608
1611813429503815027
7654087466836952849
16771957102689191249
3684775778322004898
1400416354790426466
14236179234718718016
6748358621420640785
14639715550478055291
6903396837151061415
16849526394821097719
12147985096871139017
7665969247201083524
16232459673952088234
12580729861951453877
11861680518597297945
2888546560898356115
3689970072856203934
7129673299418273634
15075136213445197268
5717105185722061897
13097149303322238104
11659638831329955628
16410925419702688036
18357949076952574312
16351969170657729759
7762085827424144137
10873790875400019946
13623862007460584383
8532192151674749849
8258366071141818399
3368402967875875964
13902767338274412843
2821268890563616749
11543055326863749083
13126862171094422633
4237724442090369861
14948758638014725953
9130446207824855703
15032068813945417369
16624281014848119678
6902356204208578008
2400110734617110417
42160675471841532
15976567500995337264
17644531833415194279
4616963306135301351
15719441187109568246
5395146758424289893
15421151249395492173
10883965608739960882
9751872240356393617
18134955331177324527
14822818573678058248
1803869310177959240
11217245435549879924
7750307197106521672
6743571371923736666
6008703199807164962
10223408346526297117
12717816203982099417
14971305957521364300
14427532834500230846
14503726217021992974
15550803913171722168
2835346614465206440
15905445218202320068
1121554030073963848
13591315485030861060
12300713832437678522
8244162517450021785
16041791941579688674
13325276312307631113
17353996869336038524
6537424806962722480
13062938923131025623
10571196843974398500
18412709093961973905
681564601641114244
2639696714198023692
14108868719325718943
15088991839331110985
14941810789540476733
1990884513327015235
7152357057405355823
11465445496750254936
10745861911121409512
6705075423214210961
14430136256049243798
4045836098461084321
11815037160762762470
7591757269867748717
2667378540425024915
15176981784123125911
6182528386683280458
14701773277091295605
6694842454728385989
8585078862756135685
5316244467718579101
4782104046904181463
18433007940949126211
12268520630522839121
14951418541821376706
15578914181720485711
14449537391891662316
17824261465568250285
15443823740317465107
15037827533454533255
10327726913572291279
9476971692817923424
2455758041110679212
15803184730823237120
17914806856092882487
16630582292484090427
2348060987690347415
11740060074177276602
217470268389447475
4306365979882423431
5945745972880756503
2283782618823581504
2110779643708064926
8924873936638049556
17487974745217598021
2113325538887539062
9612076169966463133
4804614512693665214
9325038091857545017
15784751654035833666
12744879359277079483
4092945230206962785
9160579148081794949
3667031667302558504
1708124813553292025
13185810754819792623
7701203823410069612
10216929062972253240
4340132947136964238
4045365777323893021
14559236606648543642
16517615405940669518
3234141156075236776
2621956639184870041
3992911919285018706
3592842751057885227
11498004632046005965
387350025737720767
9177161482548326552
10501025389021880444
15529746642209965494
408177692466913870
17506230809144649880
12473200037463907887
3162457493947282884
7617861794643351628
16865548567334593848
3013104250046178457
5431450466007648625
4290942789886012515
4609028218297147464
10953411225198277725
11066222302444487256
9368668148715907428
5315191663698510283
6259931121568711397
485454600686044038
10744775320707306095
11935298582491131603
10438622544979620702
17056900629672359852
9042415055128925585
1456309178996744927
14545538145548418979
1705772220556406771
987051619206536005
13812997975864886809
9053432468443322391
12613995526856127321
17706958583146443587
11239125172094740727
7983212359969985929
3280200955550996110
16799378800125972272
8170272955210459407
10335410393062162588
16106570218734775119
15954650337207317854
11476651583977331105
12282413191209458476
17670204429630640986
4551143899186849839
3432688754344912054
18207590323561825677
16663888262307858832
8847101861279826108
5764357252886437110
2262656829214410705
15557535062749089250
10102537999972178148
16922122488147383222
47161420069866583
12617318225859481406
12130374398498196211
1783600329917456823
14466168393636776031
14509653744016583508
18136234030081719345
15226527501168677659
18132972561891847652
8857593105415017933
7616968958818158089
9015332044650660659
9878801913142109858
17644362123066550980
10953827461339573557
14435375403932018760
7588262556733216496
10293690234824892062
5168716984362972743
11678190296074222239
9360017970369094237
934872272616116796
10247579803768909653
4975278423970654783
12804624291307834098
10054653735511618066
1281429077776731775
1470231467109110043
17522675865019675194
1470900266780242968
13365688731267636088
18281056766154495778
11178572231069555537
9788297317498028614
14551663503384631296
11854832771946946105
7992651902822067600
7104803609887925176
4841355239979302912
6065998480955455105
1579124913712639315
16698363594256325598
1236105277413028059
817538584270190887
13522392857888614992
587347595548362293
2721530774080852175
8650463305725091962
7367280408062144974
2659410586541114266
6583776267303489096
16200138086026816572
1391329036265642623
16985957896039768794
18320165343379234187
10004092736934114075
15725724458727861917
8987941068117162345
2740699553522820827
13895221470312005020
7011158537114423769
12675915877164242027
8164686700405817562
1845947106872086402
7180216389302512048
5335667125677524275
5036766759521106579
11621303695520353207
9426603624633629508
14575370736646260119
3187955457291665120
7299620554856489614
9416133203626124711
2463620305455709620
2661206215634348740
12519612092112381266
9928874698786811265
8488499886319054395
5899886247259487064
9399431849676202148
17594112260519751996
7927361213344550123
11931564615138178220
14498242428844826963
16449300681655343238
5766576380487941212
12013205014413646679
8230144443834575339
4452838225474399600
5905548925467212144
15805106601376072361
10097191342966837765
68946555983401060
6379303456105740723
10797730577423798910
7033771750039054192
392866914937660308
13023333234993071485
85771475326306204
8621800102391385347
1020768793886348674
3377120418594550142
1746749853548052730
1417359033023069469
13829118828570112399
869964462218843178
17045225671082156000
13527190316019930679
13248929634895686505
7214815927445047836
3320690261392729159
13068684195044249090
6425154905755523994
11544628723709704842
6956235283023390119
10089898774164544850
2164917814631496443
7761275456653033512
7308299084633465343
10878532695350623013
16097685089240490845
7665186841051316808
2341006125084025184
14979903449801926711
14679765297562837464
3599863915068358695
6962177949882046793
4491428181220500825
5939016344685965700
9619895174521352983
5827689963564798753
8409154771138624903
6378076606830644209
13345199708057190499
6313766475437992974
13908096639666123358
10187318395184503743
16680686391092340132
16126752137697392252
10911058818023096875
6965057168152788752
12242839985880325608
10461395431268636468
8413751802778934668
15165914140702384028
11105164459027257997
17049904898404625204
10762497600214942916
12529758747181770581
17954046213629862518
13144609597833532277
15231681386165379767
8343847336991946254
3601904998185967579
3255237777343390651
13403775482441178930
5002845086779469637
8074199473375349512
18091877551127987661
6139451899584288133
15977772481262974311
3440252752689389441
1559378781255367260
8787552093285827727
10351754850541959774
13371971085128962585
480728593805368471
13173330031663837952
8087964053076670218
16398901238174861132
15625628892192112658
7365777571067416563
1814595200142569126
5264138420471725282
420843317682849533
10740162098305899780
14239653769766945892
16684463677523906408
7990221239977282806
6042077531859184329
12611360891869089206
3329445390181505063
3769704382826107836
17419901148861298134
16557908953474697568
13586929032542184597
10153769356754058922
5833132602517518650
12469261373458660317
10430194282160217793
16173633149410512780
8456518812232434401
10881339615376485563
13911463631734431231
18052634284293338407
5566655266681173066
13576897756378845411
10450250936563234379
7782821986988648311
15598533416610724157
11388687123766342952
16014734202328583987
4603727575843101621
14829932131132972579
17683841511462843239
7848899679366259236
6421763099479545816
7346477307198800284
15276166640435265025
4729748446303649538
1240231892477720172
16002792900453030136
11507468024188655465
9156064724277025962
15792765923407636140
928546801242548518
11443693202091549370
5332763142188391328
15076518402290040553
2010531904967779426
13923081980152922294
11429187763398230338
12109564215383259856
11864881723088842826
4545955285268660467
16142846637673727269
7276525785727286820
15538318479618993707
6010225561344530471
46831926736450124
57060294997058848
6273484746553769723
6808066001265723117
1242459669639062740
15322680375018271932
1898866914915345978
15656304823995139796
4609733023253561051
11639898354423316684
18138816374403303632
11111428775902386934
8274189766496928949
3058982137368604983
14121119219896312082
5783310701157035396
5885283961096483602
14219416189457474972
17158183234611248719
4010728276485402762
7314666142509272820
13905195737744404424
6355286800943827032
2003116544784343791
3626653581964507428
16010840800271260331
1801797198675429155
8762415707407059330
11186380925443600127
14412591233410112401
12246798903870407597
14927255997713286617
2497536232682061847
9048709578963038051
18030106827615914101
4979384711369859436
4844246339675461571
10735472726746056720
17900621478116060739
1072955833784876920
4923954380257900272
5203313285898340291
8667761742927330175
5080021407496800879
4562202479749456789
18299232773308992623
1875018322035363423
15539110595927187526
6099829208410783771
17804951923853831422
8614282076859156254
4966491609259960595
5108726204744447785
1442070215955727949
11639739938438218652
10376371977324578448
16842582346644817788
3623368392404016510
5402113562963249145
17810797716312320928
9843982566825678382
13992537886507160621
3453469889241078617
4783540341705755634
4156715500142034752
8925713478204816232
10922946735258418197
13123832952092327612
10803820702062895634
14828455141207569598
14605615835382782560
3774056186735380532
9926244762146498346
17258458372363430189
10361915413292713191
9255626677107247144
8706878144062738567
16601252736909694278
11244881132008275151
17962527551436666472
10682877512419964881
11559324163236563876
15911712170602867803
10311478549725166679
174968945259897546
6011652330785394953
14260820920836001623
8410879776823980627
2680613137442080360
17561581624984110458
7385182085645170574
8663378154199908015
13127155673548919040
10660849412131062755
4166276759612305139
207636489932457511
8884882828624905916
11613415406773057986
12938002207786537293
13909543730708303493
17641770096317507219
2549707519078972172
17286479318318113180
3813407632800606272
17504100331580760548
2901920543907600833
4532825968397022859
6301681822151347232
12644140909768679203
3527471131423043590
15132632657256028173
10325987126891832141
16189042168275539265
11259078505601457844
12849882054181005655
16815992864426847210
16531176234943810104
12757443137310290843
8902119518221122553
12328146208549340337
12225625045534152247
6195462510740556508
15580548416143847497
6994494929537244724
3958791838579073282
12254829886034781379
5518088964704983108
5920475240465571388
